258
260
261
262
263
264
266
269
270
273
275
276
279
280
283
285
287
289
290
291
292
293
294
297
298
302
303
305
307
309
310
311
312
313
314
316
317
320
321
322
323
328
332
333
334
336
337
338
339
341
342
343
344
348
350
351
352
356
561
563
564
565
568
569
570
573
574
575
577
579
580
583
584
585
588
590
592
594
596
597
599
600
602
603
604
605
606
608
610
611
613
616
621
623
624
626
627
771
773
774
775
776
777
778
783
784
786
788
789
790
791
795
796
803
804
805
806
808
810
811
812
813
814
816
818
822
823
824
827
828
